[1.3624145572780373, 0.007297400406401977, 0.9035323946496737, 0.15437474809852758, 0.9407306626000342, 0.12834953784899]
[1.408166188217243, 0.049342703481652116, 1.5843705065655644, 0.15437470912351367, 0.9444056758425363, 0.27637193422424405]
[1.4190446314121405, 0.0029296512330224934; 2.0586122669367257; 0.15437474566269527; 0.9430021941595239; 0.4467768838426066;;]
[1.5137186625014258, 0.007300728914338528, 4.21518491402191, 0.1543747470249731, 0.9393696032287923, 0.6345756691103329]
[1.56497494749605, 0.0018959718973121727, 2.579821821086521, 0.154374746768761, 0.9492106228642586, 0.328697025377035]
[1.787482726617744, 0.8838512469735739, 1.0018897696558657, 0.15472369943125686, 0.9090011276169833, 0.307910126426793]

[0.1884417187304349 0.5578531719104737 0.055335532089231455 2.0640209569131414 0.5180293379693438 0.1758365634891379][NaN, 5.539975110941214, 0.8067316675304808, 0.060354390443890654]
[1.2100005073941016, 8.900322711815193, 0.11650927051693916, 0.1882082225990513]
[0.04494092728760534, 1.6696239818262795, 0.4288396053311885, 0.14809827254853639]
[0.04494093395847012, 1.6724854594217275, 0.4285517417046214, 0.14809826707217438]
[NaN, 2.8032705499728734, 0.012532669336001279, 0.02624420065379718]
