Params: [0.4131356591681545, 0.0026002576641858026, 0.0029281636016574887, 15.199284999889935, 0.5854386840976835, 0.20672269117299452, 0.7302678611101524, 0.17512690343046558]
Moments: [0.10100972883982959, 0.12393250848831609, 0.24376125747890634, 0.09617121693776308, 0.46597505501914405, 1.9491136695906432, 0.4084921667904625, 0.5344, 0.3362, 0.1111, 0.0173]
Avg Export Sales: 22.43


Params: 0.00878653171448648, 0.019795126040611975, 8.799068573019023, 0.675837136146316

Iter 5: [1.4368086231078077, 0.05356188926722612 0.2694269799554 0.33909072095964676 2.343910827076921 0.15462870358483904 0.9405617925932246 0.5233976720434121]

Error & Params: [0.2157, 0.01680126916163934; 0.08333921471830998; 4.8684113046951145; 0.40000926856236735; 0.15393209180615994; 0.6862088736981513; 0.1831055192502665]
Moments: [0.1, 0.12, 0.18, 0.096, 0.43, 1.71, 0.4]
Untargeted: 0.6848, 0.2532, 0.0548, 0.0068
Non-Exporters: 0.27
Avg. Export Sales: 12.77
[0.03992308614004369 0.0340836010832946 0.0032636317036092545 3.0205120912657306 0.5285298986159199 0.16351531808176953 0.5715628227690573 0.05442482155723265]
[0.08704003040213708 0.028102608923610772 0.0021995432565041283 3.088526475777468 0.5323074766302467]
[0.33403388159725106 0.05903572698230247 0.02376585254741416 2.4327917664262735 0.5101173355824407]
[0.3824712315791309 0.031388519871330955 0.018527603073988652 2.633519094368317 0.5011288547255288]
[0.47128998875590855 0.058759489650025996 0.11397436700877583 2.1441093567313847 0.49703899598163526]
[0.49019880316680753 0.056675061749866446 0.15124528415414135 2.165945158038482 0.4941842262233428]
[0.5047315409941645 0.07363944775711302 0.18972759754551713 2.049132975014256 0.50554672239885]
[0.6772727565622578 0.032661117079738636 0.5516858084206109 2.1397371427234844 0.49277322654956396]
[1.6843324395439139 0.025742821468985478 0.0024837198883648935 3.094349927255095 0.08814544652668488]
[297133.8861140156 0.09157443352301965 0.015508004967809238 3.17144795668265 0.013281139772622484]
[NaN 0.05096021837852142 0.14388493469533217 16.524692335051977 0.09211427208511214][0.03992308614004369, 0.03410474470456658, 0.0032622711573851103, 3.0209724515643903, 0.5285170816979503]
